chr	gene_id	gene_start	gene_end	GeneScan3D.Cauchy	GeneScan3D.Cauchy_knockoff_1	GeneScan3D.Cauchy_knockoff_2	GeneScan3D.Cauchy_knockoff_3	GeneScan3D.Cauchy_knockoff_4	GeneScan3D.Cauchy_knockoff_5
1	SAMD11	860260	879955	0.586180110289504	0.692895620920588	0.290678051450143	0.507433465985844	0.874423926089194	0.0140264343329903
1	NOC2L	879584	894689	0.716773005186155	0.598321767478912	0.777276911254247	0.496934460188198	0.790132918241364	0.478375664174612
1	KLHL17	895967	901095	0.690027357535129	0.861502250333201	0.0556861677199749	0.901750432471619	0.929472745517018	0.0940227098728707
1	PLEKHN1	901877	911245	0.243355306115249	0.243312892727465	0.571228085922743	0.0937963253348628	0.0128454021898534	0.778831187116517
1	C1orf170	910579	917497	0.380257149498786	0.0807667653315691	0.280975318548082	0.703213938375444	0.25404809381037	0.45753427315938
1	HES4	934342	935552	0.584804133268351	0.396053410883698	0.813320872177194	0.5074258861009	0.561668006311591	0.17831459386185
1	ISG15	948803	949920	0.553767018794269	0.77500982046003	0.126494754319059	0.604472768191721	0.421615040314273	0.798606033257997
1	AGRN	955503	991496	0.670838861601443	0.351824654767611	0.664833645770356	0.429311824503946	0.813405943911706	0.387642094483435
1	RNF223	1006346	1009687	0.0984972776853315	0.476209681568811	0.156641426696756	0.573834818878499	0.638045864430677	0.21150918696141
1	C1orf159	1017198	1051741	0.693914395173723	0.268337029305392	0.570748599533515	0.49865206518418	0.191216734587472	0.061862204997638
1	TTLL10	1109264	1133315	0.226531406172242	0.709728841018058	0.512352524953501	0.10798445440146	0.498881801331461	0.693303056706014
1	TNFRSF18	1138888	1142071	0.618902126141916	0.852247186716468	0.824402367987468	0.00476610436126679	0.850779069805235	0.626558100235943
1	TNFRSF4	1146706	1149518	0.639752195254595	0.729176851552846	0.297799229914575	0.76310537845214	0.827228530778467	0.561280880748057
1	SDF4	1152288	1167411	0.313849920136625	0.815193722615803	0.857943810564338	0.566875971507765	0.751175349625913	0.799971602577337
1	B3GALT6	1167629	1170421	0.246977686961426	0.503255709726733	0.665098516170531	0.714994109825076	0.689098451425098	0.72826264347534
1	FAM132A	1177826	1182102	0.0146089199493094	0.256199932231791	0.863860361265731	0.824675885987203	0.459305480005524	0.804632167999508
1	UBE2J2	1189289	1209265	0.668220370121036	0.507862890277503	0.760053949993226	0.146403754081489	0.501618295597892	0.743482899537455
1	SCNN1D	1215816	1227409	0.480383812114449	0.180749949396557	0.668011227291886	0.333444836709027	0.21448459699366	0.157521620363394
1	ACAP3	1227756	1244989	0.885539452755325	0.604585250216959	0.696498937233376	0.351194996112099	0.369285402402039	0.100236207726773
1	PUSL1	1243947	1247057	0.877950493288984	0.223880753408928	0.106055260362521	0.698845066803824	0.093977801056467	0.169010295155412
1	CPSF3L	1246965	1260071	0.615904741977038	0.615392580586966	0.289112327954941	0.377452421739651	0.482431840658563	0.226753688009118
1	GLTPD1	1260136	1264277	0.596858758295818	0.547732394601831	0.315323214770506	0.130937034808335	0.557859771504609	0.461222058116862
1	TAS1R3	1266694	1270686	0.793018202875907	0.00521356904485149	0.0621032190752229	0.483097522041039	0.17905612273196	0.0608047831096181
1	DVL1	1270656	1284730	0.776043374897966	0.125122431999784	0.650459334451599	0.495157346933499	0.669686535802107	0.381208918986592
1	MXRA8	1288069	1297157	0.880584273980129	0.822845656584329	0.256961711525918	0.188810251425274	0.638578613042016	0.896398348639165
1	AURKAIP1	1309110	1310875	0.86263478279591	0.886441275432879	0.217570459821599	0.904137486842075	0.907996149965097	0.770753335206882
1	CCNL2	1321091	1334708	0.793753953856068	0.86832166617626	0.757340769099653	0.872084669364395	0.819039700288733	0.165769405185014
1	MRPL20	1337288	1342693	0.740555103635373	0.184807934372368	0.725022486252928	0.900541477562548	0.260633304439565	0.101790164945535
1	ANKRD65	1353800	1357149	0.359142681354279	0.758676815297271	0.628209016588219	0.0834757507346514	0.223965937880277	0.0892031037298169
1	TMEM88B	1361508	1363167	0.58956740758357	0.700484635734837	0.888315077082693	0.794034229355407	0.357036101678465	0.836967772198473
1	VWA1	1370241	1378262	0.575827229635756	0.14914782899265	0.474010420125038	0.847906496967109	0.861109064178734	0.477136809370313
1	ATAD3C	1385069	1405538	0.560149317167938	0.156569890387871	0.303171977574295	0.691590797729497	0.815552824978501	0.126723334662635
1	ATAD3B	1407143	1433228	0.548860663386155	0.239064856933754	0.852278722493673	0.802463906128915	0.0826315816018852	0.328843066090063
1	ATAD3A	1447531	1470067	0.788170623702212	0.391691339326769	0.811532820912498	0.742385863656738	0.814009703805098	0.7636967629961
1	TMEM240	1470554	1475833	0.741070342524293	0.0730496298200107	0.11271870978063	0.11913906456143	0.0080410542606949	0.878583949838502
1	SSU72	1477053	1510249	0.74463832440491	0.72196289952522	0.0325889190863891	0.447557731853204	0.0673277348470371	0.473911214346826
1	C1orf233	1533392	1535476	0.752165412529906	0.496365200412693	0.67279721249162	0.319649918433724	0.945731896094371	0.690095917036247
1	MIB2	1550795	1565990	0.195964166110164	0.758134338156878	0.779038243647479	0.876782844258784	0.20413730488261	0.817952765472511
1	MMP23B	1567474	1570639	0.150966751166541	0.38083840135869	0.404779408315497	0.240384337771074	0.760750635117361	0.129268276966374
1	CDK11B	1570603	1590473	0.516750470772143	0.0886747851321772	0.13124493038251	0.511425624206778	0.445881855392963	0.614779202932888
1	SLC35E2B	1592939	1624167	0.231122615773547	0.235796568082729	0.740353983371779	0.782100494037574	0.701555116369975	0.688955106832423
1	CDK11A	1634169	1655766	0.252572324632303	0.560237915254898	0.706923838778053	0.661117840050982	0.249358662062639	0.711076928105302
1	SLC35E2	1656277	1677431	0.302216313473237	0.582782024193025	0.0488189535640857	0.692269986706742	0.414918908664214	0.743578192669154
1	NADK	1682671	1711896	0.68883278640843	0.643600315401609	0.2955744886521	0.46710715004857	0.815267165096565	0.854600767144949
1	GNB1	1716729	1822495	0.438928158996614	0.317953266401445	0.232764122964616	0.0271481780254745	0.709288165461089	0.675746423791851
1	CALML6	1846266	1848735	0.688454034080009	0.762171621042382	0.216220342722196	0.00590902091010803	0.706964325676338	0.676273950526079
1	TMEM52	1849029	1850712	0.514418510220975	0.590868049164464	0.0416981168867532	0.908986817774994	0.800851002328906	0.673095266081361
1	C1orf222	1853396	1935276	0.713815398440289	0.335095435937096	0.793983449318878	0.630575383308051	0.830981423783659	0.0832399728738824
1	GABRD	1950780	1962192	0.12402488140259	0.7574485361836	0.846614998882663	0.302505011088231	0.387536590875383	0.551624312555969
1	PRKCZ	1981909	2116834	0.442178529936178	0.150437520696144	0.309891806333585	0.105383855980555	0.226336638433	0.722880115997939
1	C1orf86	2115903	2144159	0.599288591489297	0.643877090376999	0.783767881199975	0.334883923413811	0.767051663419988	0.714580014197113
1	SKI	2160134	2241558	0.243879552001397	0.600995019126987	0.269203213846452	0.565868906253863	0.214192462461202	0.590650576811725
1	MORN1	2252692	2323146	0.459929805729984	0.0603100048134331	0.0342934643809985	0.74368631431785	0.288330598504008	0.608906130472079
1	RER1	2323267	2336883	0.757063983673074	0.631327413426607	0.425556197586512	0.00506990995615686	0.816913008128392	0.766796793725313
1	PEX10	2336236	2345236	0.839012939979345	0.509621955351004	0.184121815059602	0.61108421126414	0.0582174766158966	0.439482189982222
1	PLCH2	2357419	2436969	0.488194163382138	0.106137881029857	0.713665739412432	0.72223743159104	0.814345898871834	0.221030969069466
1	PANK4	2439972	2458039	0.633180546962292	0.339964470463535	0.461271405447057	0.379175009514881	0.0992526158744611	0.395544927247853
1	HES5	2460184	2461684	0.345820608879051	0.370867352662107	0.412288362227672	0.131299148809475	0.695400669864539	0.236828442862288
1	TNFRSF14	2487078	2496821	0.631907742109671	0.668563790173646	0.154846962452849	0.735647778034384	0.217686637813277	0.14598878185523
1	FAM213B	2517930	2522908	0.715565283294731	0.487236964773392	0.322005552303141	0.107805665891088	0.761880451770375	0.746960779976411
1	MMEL1	2522078	2564481	0.499060917037604	0.345493528303203	0.175030137553806	0.607432111517988	0.426187065002799	0.352252995166701
1	TTC34	2567415	2718286	0.600940525041049	0.514500610827619	0.408173563535766	0.60792223042136	0.873712478568565	0.353236357889293
