chr	start	end	actual_start	actual_end	signal	kappa	tau	W_KS	P_KS	P_KS_k1	P_KS_k2	P_KS_k3	P_KS_k4	P_KS_k5	MAF
1	769223	769223	769223	769223	0	5	0.203008613033681	0	0.328998164216613	0.308491301337026	0.362200367186636	0.92349045729943	0.328370746249696	0.206150722678115	0.12784632360317
1	801536	801536	801536	801536	0	0	1.55594704504471	1.55594704504471	0.00520070512513058	0.187072209389875	0.786340881524274	0.916921813744818	0.0418570372346609	0.175853554217331	0.0159
1	833927	833927	833927	833927	0	0	26.286199216909	26.286199216909	0.00000000000000000000000000145160730953002	0.279230264633599	0.655527423057209	0.216827112490922	0.280574607029726	0.685206628707322	0.211963067041349
1	834263	834263	834263	834263	0	1	1.00549366745373	0	0.991513226015048	0.0813147558711587	0.103095225367111	0.907266794195232	0.545007807845087	0.823498912384683	0.0217762167586553
1	837657	837657	837657	837657	0	0	2.77525585624216	2.77525585624216	0.00106764935750645	0.534986612210311	0.526585879391904	0.832721518589875	0.894838491553404	0.636333077819248	0.0158253205128205
1	840753	840753	840753	840753	0	0	5.58370017178634	5.58370017178634	0.00000101632312051801	0.389701410162186	0.362047204738637	0.472315210146907	0.807028697964448	0.0905640115604847	0.404
1	844300	844300	844300	844300	0	0	0.80965893596882	0.80965893596882	0.0982120463797567	0.531838128860685	0.633612441237967	0.933207867003475	0.987560572889734	0.555507193752406	0.179981911365692
1	850371	850371	850371	850371	0	0	29.7839667285271	29.7839667285271	0.000000000000000000000000000000567750539419184	0.723299639284099	0.227878910945143	0.468594619365794	0.195187413473018	0.345242524835463	0.397467974379504
1	851390	851390	851390	851390	0	3	0.330561107384703	0	0.121735191851798	0.203341864115545	0.298477303701036	0.0949873328318607	0.559166049363594	0.114568137612989	0.0419
1	862772	862772	862772	862772	0	2	1.27225085174982	0	0.634359097523847	0.263395929571995	0.0338909951119771	0.979946392623484	0.771588826383773	0.272825541909222	0.03035
1	864490	864490	864490	864490	0	0	8.12582850843143	8.12582850843143	0.00000000166782753567313	0.370374056068255	0.188938402935977	0.213462417376954	0.22283307230953	0.338187784941859	0.0409
1	867663	867663	867663	867663	0	0	5.52296664026494	5.52296664026494	0.000000989625129607408	0.639784586529392	0.06619549612079	0.329941811944119	0.909428122011141	0.214032138105723	0.0192982456140351
1	872352	872352	872352	872352	0	0	31.6467830913473	31.6467830913473	0.0000000000000000000000000000000124740299825624	0.894872354177247	0.553082446121191	0.995401308026731	0.362644230444078	0.519223690147978	0.268009645333066
1	876499	876499	876499	876499	0	0	1.14993194193989	1.14993194193989	0.025131842054261	0.25514908670675	0.444977962367322	0.143619151398658	0.354941077683378	0.542909454485475	0.0521521521521522
1	878331	878331	878331	878331	0	0	1.86103035956848	1.86103035956848	0.00315881845047843	0.20186343362964	0.229379723876348	0.338685451738692	0.0470547086800541	0.558633492823927	0.0130840184479647
1	879482	879482	879482	879482	0	0	5.42245287256396	5.42245287256396	0.00000198660442937205	0.525489777521926	0.681973694020154	0.236757264952615	0.699025347633107	0.498325226803826	0.011623246492986
1	881918	881918	881918	881918	0	1	2.35843230657306	0	0.696022360349959	0.00304923492474672	0.13501395411061	0.743583936702805	0.833849564926427	0.123356909351801	0.0705
1	891620	891620	891620	891620	0	0	3.69131833922556	3.69131833922556	0.0000465482830842413	0.122216663445398	0.554432593083672	0.095866703127093	0.74092094244912	0.228676747233343	0.0187449474535166
1	894519	894519	894519	894519	0	0	6.95412449058905	6.95412449058905	0.0000000436827158481085	0.394025812288751	0.0373027897662298	0.116282014786009	0.959882713391764	0.393037620756894	0.02205
1	907609	907609	907609	907609	0	0	1.05382617179638	1.05382617179638	0.0275110608128765	0.55859542150766	0.0969720442960268	0.456437744461449	0.311410684183372	0.164735087173857	0.015645371577575
1	910512	910512	910512	910512	0	5	0.703769799348438	0	0.319682720542795	0.465258320932251	0.441589716754253	0.486835835738552	0.407553142816204	0.0873472330488852	0.0120943358193913
1	913610	913610	913610	913610	0	0	10.8800259439988	10.8800259439988	0.0000000000121702907789681	0.952322613117722	0.988224617585302	0.923266119319661	0.690930334878727	0.524285756820865	0.160231271995978
1	914333	914333	914333	914333	0	0	54.3919883780098	54.3919883780098	0.000000000000000000000000000000000000000000000000000000271928541757388	0.48890039343257	0.898961346730935	0.359844139689397	0.670568535819649	0.677805285331327	0.395382758273815
1	914876	914876	914876	914876	0	0	11.1206042120958	11.1206042120958	0.00000000000124622500845313	0.365949687443618	0.164513171285896	0.12008158550826	0.159812155519297	0.565878915327704	0.0268957227286387
1	916549	916549	916549	916549	0	0	35.7336678617837	35.7336678617837	0.00000000000000000000000000000000000021357499690661	0.115669343459461	0.00611189462024421	0.160440925441676	0.0405396534878021	0.166189974649307	0.245755901557007
1	920503	920503	920503	920503	0	0	2.94071674129045	2.94071674129045	0.000939591447081478	0.819701625132797	0.47556920651451	0.920747974714743	0.305883690756759	0.999947519210229	0.147710115752391
1	921071	921071	921071	921071	0	2	0.176570157100874	0	0.653107332207146	0.891873200262145	0.59392684706821	0.802328623279658	0.961842922748845	0.962192990840309	0.08585
1	939950	939950	939950	939950	0	0	2.24032861476028	2.24032861476028	0.00235722822403443	0.482046030493155	0.412801369149556	0.140003515041807	0.409949392522313	0.396261764569447	0.0149540264726685
1	940203	940203	940203	940203	0	5	1.70023757410482	0	0.00110576216434645	0.00000000000000000000000000000234731295779044	0.00000000000000000000000000000405149227037384	0.00000000000000000000000000000754785749175726	0.00000000000000000000000000000010976327343452	0.0000000000000000000000000000000807936894308602	0.0626
1	945349	945349	945349	945349	0	5	0.749287948084499	0	0.0706931698489081	0.185833302363248	0.478509932794787	0.895376065197772	0.345230061299993	0.0614922886728703	0.0355517346009912
1	949608	949608	949608	949608	0	0	27.6918014780904	27.6918014780904	0.0000000000000000000000000000225039080507931	0.0651824373355203	0.00560085965905258	0.110677520919471	0.664385541179676	0.388440484243564	0.39
1	956998	956998	956998	956998	0	4	0.607723935760979	0	0.59792292553615	0.644386624505258	0.248240495264619	0.152232042538276	0.109544282553136	0.443929137523731	0.0180479935470861
1	957640	957640	957640	957640	0	3	3.2295243432812	0	0.239689958906086	0.0341262271825958	0.0554117768152564	0.0000201170332773336	0.00231111835359601	0.00806612019075745	0.0102224894768491
1	958204	958204	958204	958204	0	0	1.36399609281403	1.36399609281403	0.0183269715467644	0.408579614703017	0.696890503396508	0.468085446743816	0.42372764410103	0.261156825515679	0.0137716123843989
1	959509	959509	959509	959509	0	0	2.12326428465599	2.12326428465599	0.00515504683087697	0.684694595129903	0.494442698330221	0.93346246481675	0.61563580741265	0.866255125888814	0.10275
1	962720	962720	962720	962720	0	0	3.64486668986634	3.64486668986634	0.0000716094835167134	0.49742077150572	0.173446654242196	0.526314483927941	0.178624197498428	0.316109269572275	0.1354
1	963721	963721	963721	963721	0	0	6.71831639783345	6.71831639783345	0.000000121544376009581	0.889180279977244	0.478315220263028	0.635405933783358	0.136956553070744	0.921978457679927	0.0739865204707775
1	986732	986732	986732	986732	0	5	2.0717559176815	0	0.679099155154692	0.777191422165497	0.729860051200678	0.717873676194353	0.185375168581601	0.006085441764558	0.0113
1	987253	987253	987253	987253	0	0	9.11121257627986	9.11121257627986	0.000000000275559228365707	0.266831098954413	0.508969216005141	0.158869938004556	0.76915010256106	0.35598158812906	0.02765
1	998170	998170	998170	998170	0	0	6.91100129043761	6.91100129043761	0.0000000905796181985093	0.85721587217881	0.737958222636277	0.669333067629132	0.916625142137039	0.589751636644414	0.0205223880597015
1	998395	998395	998395	998395	0	0	41.2288137831197	41.2288137831197	0.00000000000000000000000000000000000000000492232427237188	0.945933217667977	0.798871186301633	0.869299477450313	0.249996188044166	0.833650478599124	0.264422110552764
1	1001290	1001290	1001290	1001290	0	0	2.1502931632246	2.1502931632246	0.00247264998113569	0.485053687731649	0.294920000251694	0.290087212744461	0.53703160417591	0.349506942509069	0.0877430346762878
1	1002387	1002387	1002387	1002387	0	5	1.08452059671261	0	0.785198233735142	0.574486123766153	0.0524639383112679	0.926304089686259	0.526806978709378	0.0472888710934545	0.231217942270944
1	1009234	1009234	1009234	1009234	0	0	47.7320499406089	47.7320499406089	0.00000000000000000000000000000000000000000000000151255984155513	0.999760670696858	0.657216202182373	0.816135945826978	0.93460559215319	0.472418016751296	0.42269389397445
1	1018021	1018021	1018021	1018021	0	0	2.63237966669728	2.63237966669728	0.00134474030618623	0.698602703665216	0.376753964124537	0.576790487017515	0.197333515770394	0.782481399418141	0.0183513838748496
1	1022223	1022223	1022223	1022223	0	4	1.88867723313066	0	0.0630040123027648	0.632221715653277	0.707915896015773	0.579874097429798	0.00749301283337446	0.00885147438689761	0.02085
1	1026913	1026913	1026913	1026913	0	0	7.85321568334727	7.85321568334727	0.00000000807454497034863	0.709729115883316	0.857632227958075	0.299788359955897	0.449204996360589	0.575882313901887	0.02715
1	1032184	1032184	1032184	1032184	0	0	34.5033009849896	34.5033009849896	0.0000000000000000000000000000000000113682069931828	0.215921870582124	0.203430753190339	0.362237124471556	0.800776947657885	0.918282528786237	0.271278195488722
1	1033999	1033999	1033999	1033999	0	0	24.2114583321516	24.2114583321516	0.0000000000000000000000000689602482593608	0.112216610948438	0.192163311857847	0.0851896938625602	0.0894209030050012	0.215727060136784	0.430530348860658
1	1034243	1034243	1034243	1034243	0	4	1.81450670923319	0	0.120862487377914	0.00000029313852332064	0.000000111491673984282	0.0000000476541801149767	0.00000000170897506821974	0.0000000134815478620885	0.138565112540193
1	1036601	1036601	1036601	1036601	0	0	1.20817428651862	1.20817428651862	0.025588027969263	0.41324832626831	0.722691801278488	0.159822759861299	0.0675273681111219	0.763176282832884	0.0224814740636892
1	1042070	1042070	1042070	1042070	0	0	2.98901069954738	2.98901069954738	0.000775207317650662	0.75673495580728	0.89299655184826	0.421125234438884	0.755837722848182	0.274233701548821	0.0261464199517297
1	1054091	1054091	1054091	1054091	0	0	9.36480456529226	9.36480456529226	0.0000000001217466658456	0.706346010886563	0.282008138438902	0.036089510362114	0.757559815179291	0.216850670050795	0.01645
1	1063492	1063492	1063492	1063492	0	0	8.52293454315869	8.52293454315869	0.000000000820563367861443	0.27931015868057	0.555243832160445	0.0105568670173428	0.212085377232254	0.273556266697655	0.0235
1	1065296	1065296	1065296	1065296	0	0	50.1098928260373	50.1098928260373	0.00000000000000000000000000000000000000000000000000249053071117504	0.362191586103369	0.320763340378023	0.244156859085001	0.0097849516409054	0.753120389105706	0.31875
1	1067878	1067878	1067878	1067878	0	2	1.10405137485665	0	0.738483158781643	0.877531308804582	0.0581151309531435	0.603118473251584	0.170887808638208	0.861428803293039	0.0195124398073836
1	1069535	1069535	1069535	1069535	0	0	4.51118682862647	4.51118682862647	0.0000163287827228593	0.165632648329061	0.593988196854703	0.529834994077778	0.462443398047295	0.614034591761578	0.092
1	1069653	1069653	1069653	1069653	0	0	106.921985605894	106.921985605894	0.00000000000000000000000000000000000000000000000000000000000000000000000000000000000000000000000000000000000413146541514383	0.345215055183629	0.755506058785611	0.347007236115613	0.133859062999223	0.215243488530603	0.22925
1	1094485	1094485	1094485	1094485	0	0	Inf	Inf	0	0.600541009626721	0.833656118601398	0.0912666072694378	0.135895484398945	0.441365192198953	0.381497090106361
1	1105721	1105721	1105721	1105721	0	0	8.02742125526302	8.02742125526302	0.00000000416205488471487	0.334444371552727	0.635105354222929	0.935278792384309	0.240826707655152	0.443331977633527	0.06365
1	1108951	1108951	1108951	1108951	0	0	0.719534786326638	0.719534786326638	0.0437920631904719	0.229577960308925	0.32649249829351	0.502174043962103	0.0452411936363219	0.0768126529866646	0.0219245434477222
1	1109104	1109104	1109104	1109104	0	0	26.7966702387937	26.7966702387937	0.0000000000000000000000000000626927712909222	0.162196097345914	0.0392543424375651	0.0232140693292941	0.0214816454031132	0.0801105359410639	0.0731056025796051
1	1109476	1109476	1109476	1109476	0	0	0.797519763758653	0.797519763758653	0.0727338980699681	0.456306470675496	0.634695578826505	0.437459359634732	0.987459956896969	0.391297489198233	0.186704101072897
1	1110557	1110557	1110557	1110557	0	0	2.79387892770282	2.79387892770282	0.00143770910429064	0.894437400227742	0.856410506974091	0.162231647038144	0.920990459772864	0.901423040955532	0.03265
1	1115187	1115187	1115187	1115187	0	2	0.852394767522847	0	0.177715010917006	0.97481086890209	0.119310305553191	0.849322687777125	0.998067866595663	0.436488803533215	0.012219652016494
1	1120536	1120536	1120536	1120536	0	0	7.87566710352139	7.87566710352139	0.000000000623595480994048	0.0468349502078557	0.0466936005277827	0.229906211700244	0.102325600116457	0.0110658358460364	0.0243
1	1121358	1121358	1121358	1121358	0	0	4.83967878219283	4.83967878219283	0.00000474639759962325	0.377496456892966	0.221718649037422	0.328127702666888	0.198359650537912	0.759603016165463	0.0989530903966178
1	1140271	1140271	1140271	1140271	0	0	0.477771632004807	0.477771632004807	0.115140434808588	0.916461095654545	0.34593897729266	0.871054092492311	0.320521251286173	0.21675951501231	0.01325
1	1146339	1146339	1146339	1146339	0	0	7.74590902274172	7.74590902274172	0.0000000101795766716576	0.644327442847744	0.388474073763234	0.567072700695656	0.321251120808795	0.958757697174888	0.04135
1	1151542	1151542	1151542	1151542	0	2	0.972144239787623	0	0.743188208494402	0.383403438058811	0.0539918903841973	0.50637560282367	0.397201375625783	0.877939132710635	0.0697662704009671
1	1165957	1165957	1165957	1165957	0	0	0.802760981109235	0.802760981109235	0.13428116250161	0.453928666111669	0.938616218291068	0.934102208559718	0.85266036057056	0.787208919410194	0.0104355716878403
1	1172907	1172907	1172907	1172907	0	2	0.189458985153509	0	0.0476346071639186	0.0128717236439755	0.00832104214634503	0.00908956658399462	0.0118062727925579	0.383370844003676	0.0581
1	1181372	1181372	1181372	1181372	0	0	9.13250639121247	9.13250639121247	0.000000000264664810084532	0.216343816625426	0.835833321476985	0.359089405866233	0.131118580618343	0.898935791211544	0.11795
1	1182905	1182905	1182905	1182905	0	1	0.24146581787087	0	0.836689087927776	0.407077136510048	0.866586058755765	0.462664969547973	0.536589030339365	0.709810678712192	0.07725
1	1190206	1190206	1190206	1190206	0	2	0.500189738622649	0	0.121593517147308	0.785403305846455	0.103794590855984	0.868673641765457	0.162779911447673	0.328370746249696	0.0143874072588731
1	1191651	1191651	1191651	1191651	0	1	0.986806753378027	0	0.245546713363193	0.083509712299001	0.937983812339463	0.810109529431252	0.590573193799015	0.904931153137868	0.0222233370121401
1	1226063	1226063	1226063	1226063	0	3	1.68099962243868	0	0.0316277486474868	0.722261496516495	0.144997258027141	0.00872970051652712	0.418792569351283	0.60035220444297	0.0159
1	1226512	1226512	1226512	1226512	0	2	0.856232674418827	0	0.0648104512693385	0.433281969492236	0.0603306413783465	0.537060904268281	0.0758378003910213	0.503720046257079	0.02445
1	1229680	1229680	1229680	1229680	0	2	1.22566904282666	0	0.675997269325819	0.0307187696604479	0.00163943853840972	0.00723386594328191	0.027565392625052	0.0255036928148137	0.03365
1	1231656	1231656	1231656	1231656	0	1	3.48031376023326	0	0.0446841104915314	0.000000732812419926719	0.00130053453545992	0.000377275464951035	0.00221465755114885	0.00328633349570623	0.04072036018009
1	1269888	1269888	1269888	1269888	0	0	2.61991405393349	2.61991405393349	0.0000543951901981996	0.000097060866700426	0.0969348292000152	0.00824052819822343	0.0766436271600831	0.022671202369113	0.0418376538884997
1	1305807	1305807	1305807	1305807	0	0	1.4282136731402	1.4282136731402	0.0162542482905683	0.279181187066549	0.435692980116213	0.454892353795234	0.367542043560428	0.772548022917211	0.0102256699576869
1	1334475	1334475	1334475	1334475	0	3	1.49486507418492	0	0.0744678487059399	0.128175288913446	0.825870815112489	0.0113075326153483	0.353372641797674	0.619000944434153	0.03045
1	1369623	1369623	1369623	1369623	0	0	2.69833710900299	2.69833710900299	0.000665411577154464	0.375972467233755	0.332221291089253	0.252026711691663	0.880316243657362	0.0129172886999314	0.0122489959839358
1	1391448	1391448	1391448	1391448	0	3	0.331238575999105	0	0.504968389526851	0.806481138439561	0.565239045873502	0.235518819920399	0.491168359114223	0.333392684738702	0.0104135224871717
1	1433138	1433138	1433138	1433138	0	0	2.93306780425189	2.93306780425189	0.000577029799557054	0.366771556680687	0.874907699795935	0.195248392286396	0.494613591594775	0.854582342887565	0.0119107447984722
1	1454207	1454207	1454207	1454207	0	0	1.34779945769076	1.34779945769076	0.0133580224999309	0.297537444313716	0.0262829409423428	0.0658933678346027	0.628439372314967	0.375774089527877	0.04795
1	1461041	1461041	1461041	1461041	0	4	1.02116093483694	0	0.655623668018121	0.122171927063298	0.540035425727001	0.245762281752062	0.0514353044918981	0.933888067991272	0.0351125012612249
1	1470464	1470464	1470464	1470464	0	0	1.77263249121274	1.77263249121274	0.00936612489803459	0.522554121939453	0.76105702898803	0.471833140850008	0.55487152227661	0.705363189004332	0.0222043604943233
1	1481348	1481348	1481348	1481348	0	0	1.58214714336961	1.58214714336961	0.0124657891003013	0.0671805978975869	0.476285015689996	0.924694838521131	0.951681970649522	0.43345597538911	0.269944528492184
1	1492438	1492438	1492438	1492438	0	0	2.44326417563005	2.44326417563005	0.00178664697361389	0.495795891606947	0.450064412128937	0.268495924249743	0.919742224510243	0.904971842382459	0.0168
1	1494355	1494355	1494355	1494355	0	0	1.64026674158402	1.64026674158402	0.00567021202608751	0.24766580059465	0.239013254136929	0.118904791279326	0.909519651252162	0.51930242572591	0.0144
1	1496641	1496641	1496641	1496641	0	0	1.65393292389479	1.65393292389479	0.018281576407261	0.862971122671715	0.82403672195933	0.334422893263563	0.933215710710011	0.276394156131571	0.0121754880257597
1	1500925	1500925	1500925	1500925	0	1	0.424451509042013	0	0.952988927588442	0.286891721372739	0.397809715248139	0.788173630107157	0.603211625616226	0.762376542993687	0.0119
1	1520752	1520752	1520752	1520752	0	0	0.854071299061578	0.854071299061578	0.0594787658284669	0.299238678916112	0.325165232602732	0.774607391413866	0.425043371198562	0.485546734225659	0.11226026709509
1	1525437	1525437	1525437	1525437	0	0	3.10080921613812	3.10080921613812	0.000571432215324463	0.303930810779757	0.720732219058606	0.792247055232585	0.805632691475618	0.46854054272487	0.02095
1	1534710	1534710	1534710	1534710	0	3	1.32686756558731	0	0.874857086667573	0.546689873856203	0.390633185442265	0.0257557063021555	0.442684655158127	0.702879278212082	0.0266566265060241
1	1537437	1537437	1537437	1537437	0	0	1.01173216003671	1.01173216003671	0.0547766373313762	0.432645662772658	0.571300719166414	0.562765581073677	0.634902006615244	0.467702154100054	0.21165
1	1549720	1549720	1549720	1549720	0	0	0.593533082162787	0.593533082162787	0.115293357457424	0.218583668798262	0.966501625405287	0.582847647539908	0.452207091459648	0.135407237057315	0.1365
1	1584593	1584593	1584593	1584593	0	4	0.787082257407527	0	0.299098703054295	0.216755870701199	0.684132345908142	0.182367122724169	0.0390277089312719	0.239031597937996	0.280776562656767
1	1611995	1611995	1611995	1611995	0	0	21.6606510803657	21.6606510803657	0.0000000000000000000000692879938633873	0.0767631013009637	0.54018138062903	0.166682279882701	0.851376838217436	0.317182390186169	0.449728534084054
1	1619767	1619767	1619767	1619767	0	0	11.4850095175774	11.4850095175774	0.00000000000237935427603247	0.792579233598512	0.639161890133764	0.72688989100767	0.749207175868448	0.202099547012147	0.2013
1	1670415	1670415	1670415	1670415	0	0	0.577528970894791	0.577528970894791	0.00470897736966518	0.0150009322036282	0.0652842198051174	0.0122766107814792	0.0790259755966287	0.0178014580104339	0.01205
1	1686081	1686081	1686081	1686081	0	0	4.68444502594803	4.68444502594803	0.00000982815977563157	0.0753069653109222	0.580439031487458	0.475244647318347	0.344435810473068	0.572156196988088	0.02485
1	1686943	1686943	1686943	1686943	0	0	194.609129267688	194.609129267688	0.00000000000000000000000000000000000000000000000000000000000000000000000000000000000000000000000000000000000000000000000000000000000000000000000000000000000000000000000000000000000000000000000000197880857670011	0.986190938369924	0.877087673608043	0.449544372323951	0.804512973226779	0.781835799621959	0.48315
1	1687791	1687791	1687791	1687791	0	0	2.61048806113679	2.61048806113679	0.00143199719672594	0.84526380060246	0.970945996973278	0.213551127990743	0.584023373974032	0.208821570755649	0.0496
1	1691840	1691840	1691840	1691840	0	0	33.6365063935032	33.6365063935032	0.000000000000000000000000000000000186792591565624	0.827520605460242	0.353029406242035	0.808846370532729	0.951647729278013	0.183591520822279	0.10665
1	1695742	1695742	1695742	1695742	0	0	3.03499249022035	3.03499249022035	0.000787687669912482	0.871183744780124	0.595305645314324	0.291924549454163	0.853781101630017	0.910386786071017	0.0807769929364278
1	1699201	1699201	1699201	1699201	0	0	10.3262074758494	10.3262074758494	0.0000000000196051855383845	0.415507084061964	0.400210872814126	0.245164901439858	0.993310759582125	0.53987777584049	0.277191925278698
1	1706735	1706735	1706735	1706735	0	0	265.31673563904	265.31673563904	0.0000000000000000000000000000000000000000000000000000000000000000000000000000000000000000000000000000000000000000000000000000000000000000000000000000000000000000000000000000000000000000000000000000000000000000000000000000000000000000000000000000000000000000000000000244821663459811	0.148733841954876	0.510098481748799	0.44390843738974	0.800098273828582	0.507674656333632	0.167000801924619
1	1709119	1709119	1709119	1709119	0	0	103.665774913275	103.665774913275	0.00000000000000000000000000000000000000000000000000000000000000000000000000000000000000000000000000000000101644868292778	0.0146379196525226	0.0571047562642893	0.0470825927634974	0.0159851045062119	0.269158946047683	0.0729
1	1719079	1719079	1719079	1719079	0	0	31.6807711386464	31.6807711386464	0.00000000000000000000000000000000901130090703757	0.0583220158503818	0.620615655553752	0.799566083928234	0.132057924857901	0.432074494598692	0.0264219443323921
1	1721556	1721556	1721556	1721556	0	0	1.71743583827396	1.71743583827396	0.00646694519747646	0.200301515316435	0.337392185069689	0.753047296848956	0.231429524006339	0.867099024070039	0.0112
1	1738371	1738371	1738371	1738371	0	0	5.14642441284937	5.14642441284937	0.0000000590486037900228	0.162524371376332	0.00638396798484757	0.00365718935761753	0.00827244800167205	0.0250525550738718	0.13210972166196
1	1738973	1738973	1738973	1738973	0	3	1.32097585650205	0	0.0366702291386854	0.756353709289827	0.522123026495013	0.0179097678061681	0.375029829033217	0.0801135766513185	0.0161
1	1749412	1749412	1749412	1749412	0	0	2.2436660837129	2.2436660837129	0.00155921552781883	0.273257590705088	0.0206673608335783	0.447515216262537	0.0361625366423511	0.786633504298489	0.0205
1	1766856	1766856	1766856	1766856	0	0	44.4406717418855	44.4406717418855	0.00000000000000000000000000000000000000000000240817256685352	0.90771358718531	0.427861485916326	0.154986145580279	0.664292496070214	0.859256661550504	0.02365
1	1772488	1772488	1772488	1772488	0	0	1.60482750005355	1.60482750005355	0.0203725859496295	0.624673253069455	0.818119364721581	0.900385052361316	0.820112929401225	0.963732936197391	0.0355386005421142
1	1882287	1882287	1882287	1882287	0	0	130.808053259077	130.808053259077	0.00000000000000000000000000000000000000000000000000000000000000000000000000000000000000000000000000000000000000000000000000000000000177586816707993	0.0140707249448277	0.00843462182935735	0.201949724924829	0.602610358785943	0.11414686323328	0.167133987582616
1	1886370	1886370	1886370	1886370	0	0	9.64442011712505	9.64442011712505	0.0000000000841594940293776	0.521942186471269	0.371127582740856	0.305676598990443	0.477242824496137	0.123598256687726	0.0274
1	1888193	1888193	1888193	1888193	0	0	17.4517003336231	17.4517003336231	0.000000000000000000983782419626912	0.0383739968314337	0.954425014398354	0.27835523342282	0.195731093566715	0.772079420373325	0.27875
1	1889356	1889356	1889356	1889356	0	0	1.59368239066405	1.59368239066405	0.0192328449019428	0.797062946153181	0.835024836143892	0.530220322356009	0.276256279332895	0.75461584499842	0.0266452970049083
1	1892048	1892048	1892048	1892048	0	2	12.3965557902667	0	0.0000000000000000000000000000000000000000000000000000000000000000000000000000000000000000000000000000000000000000000000000000000166036449137166	0.00000000000000000000000000000000000000000000000000000000000000000000000000000000000000000000000000000000000000000000000000000000000000000000000000000000000000000000504110203680566	0.0000000000000000000000000000000000000000000000000000000000000000000000000000000000000000000000000000000000000000000000000000000000000000000000000000000000000000000000000000000020228780307017	0.000000000000000000000000000000000000000000000000000000000000000000000000000000000000000000000000000000000000000000000000000000000000000000000000000000000000000000000000106311351901636	0.00000000000000000000000000000000000000000000000000000000000000000000000000000000000000000000000000000000000000000000000000000000000000000000000000000000000000002834368682363	0.00000000000000000000000000000000000000000000000000000000000000000000000000000000000000000000000000000000000000000000000000000000000000000000000000000000000000000000000000000476524395884902	0.41595
1	1895177	1895177	1895177	1895177	0	0	41.2200174738355	41.2200174738355	0.000000000000000000000000000000000000000000828567162821412	0.137513454276679	0.0513228742101617	0.248243305006722	0.139832719004462	0.0198327204104407	0.254572864321608
1	1900186	1900186	1900186	1900186	0	0	31.1407857155327	31.1407857155327	0.0000000000000000000000000000000414388037035068	0.384883736807005	0.274240178521096	0.831030649047628	0.76292749170058	0.573050538277237	0.1982
1	1900232	1900232	1900232	1900232	0	0	106.133144460442	106.133144460442	0.0000000000000000000000000000000000000000000000000000000000000000000000000000000000000000000000000000000000619733165798197	0.349818945551638	0.164333183165987	0.971779679261046	0.842071946282855	0.994085432467136	0.44585
1	1905790	1905790	1905790	1905790	0	0	12.2496943732715	12.2496943732715	0.000000000000438882177056875	0.866601168631676	0.812684659416249	0.0788916919578323	0.779464478005416	0.779906101199701	0.2431
1	1912181	1912181	1912181	1912181	0	0	21.2207179678265	21.2207179678265	0.000000000000000000000229217349219914	0.19861087855911	0.795534211302786	0.381035512378576	0.472846624181166	0.321332820557596	0.08535
1	1914124	1914124	1914124	1914124	0	1	0.960232859706452	0	0.435491569411386	0.061112750843486	0.575556784319612	0.557653834212275	0.949263078514839	0.248966557343196	0.0393863179074447
1	1930391	1930391	1930391	1930391	0	0	32.5748221067706	32.5748221067706	0.0000000000000000000000000000000000000000075264258245034	0.00000000282755390170277	0.00000000350177995801573	0.000000000724068013062355	0.0000000142510228845259	0.000000000802931840965415	0.295068795822035
1	1933267	1933267	1933267	1933267	0	0	0.658674098144702	0.658674098144702	0.139590953429395	0.486412143625686	0.673923166220398	0.5116085886215	0.636108753151548	0.857008981183223	0.03275
1	1939826	1939826	1939826	1939826	0	3	1.46139425063918	0	0.522553573072216	0.209148777362527	0.165074004492603	0.00570537817189563	0.00721763587108913	0.0219612564560613	0.155888564819471
1	1941658	1941658	1941658	1941658	0	0	1.25169300172082	1.25169300172082	0.0254384851607347	0.45413424033722	0.82944064360996	0.0944223395021003	0.732825230441495	0.413738980452477	0.304378318805731
1	1951827	1951827	1951827	1951827	0	1	10.3532601367398	0	0.843669448809614	0.0000000000000000000000000000000000000000000000000000000000000000000000000000000000000000000000000000000000000000000000000000000266017429101669	0.0000000000000000000000000000000000000000000000000000000000000000000000000000000000000000000000000000000000000000000000000152062288606826	0.00000000000000000000000000000000000000000000000000000000000000000000000000000000000000000000000000000000000000000910413156674243	0.000000000000000000000000000000000000000000000000000000000000000000000000000000000000000000000000000000000000000000000600026220071119	0.000000000000000000000000000000000000000000000000000000000000000000000000000000000000000000000000000000000000000000000000173162774515915	0.170479630744531
1	1960388	1960388	1960388	1960388	0	5	0.800327436600486	0	0.0279151190752606	0.408800381461557	0.476096500583842	0.0357237781909558	0.0994860791249571	0.0157555975330177	0.0321866827600081
1	1966244	1966244	1966244	1966244	0	0	0.362247561230105	0.362247561230105	0.329036557494741	0.780789838953113	0.75769027659087	0.918560893937556	0.396640326714674	0.749863921833654	0.0577541181197268
1	1966659	1966659	1966659	1966659	0	0	19.8427441645296	19.8427441645296	0.00000000000000000000789016075463461	0.119474653369485	0.549325824423632	0.482982124175742	0.802272551661307	0.627699060012209	0.02035
1	1967014	1967014	1967014	1967014	0	0	2.83766133400414	2.83766133400414	0.000944828924918758	0.865615337106083	0.83871993687947	0.623823028409869	0.269579438304376	0.650151418263176	0.282670025188917
1	1979724	1979724	1979724	1979724	0	0	59.7974560288335	59.7974560288335	0.00000000000000000000000000000000000000000000000000000000000024209337581094	0.169562684114714	0.0200992114409676	0.14119521622378	0.151858440364065	0.175374147751715	0.239563424202796
1	1980000	1980000	1980000	1980000	0	0	1.04987188073637	1.04987188073637	0.0578727862644066	0.649151810296699	0.285009038198745	0.694767673522227	0.770811693261034	0.162024546371467	0.0121718137008349
1	1981118	1981118	1981118	1981118	0	0	11.333473910522	11.333473910522	0.000000000001100409618283	0.237152817282905	0.471385920957114	0.00729977721339912	0.792867728703244	0.16947482160798	0.0897924395868846
1	1983208	1983208	1983208	1983208	0	0	42.7007136494395	42.7007136494395	0.0000000000000000000000000000000000000000000762676540952104	0.60260480980485	0.0523359089046429	0.539174017701211	0.38287237973121	0.195948519654429	0.397996173597825
1	1986754	1986754	1986754	1986754	0	0	19.7673617570728	19.7673617570728	0.0000000000000000000065194701313906	0.536220396438919	0.389645029722017	0.137766817734658	0.320148932280928	0.381569855032616	0.06085
1	1987762	1987762	1987762	1987762	0	0	98.8128390996705	98.8128390996705	0.000000000000000000000000000000000000000000000000000000000000000000000000000000000000000000000000000565419476274047	0.324707875564827	0.108630215064079	0.435004117244009	0.666546909489502	0.367459824824131	0.145751436347143
1	1994110	1994110	1994110	1994110	0	3	0.665813521370875	0	0.672277206806829	0.502066517664855	0.837819937697115	0.142030661534564	0.348618978882147	0.657954151031867	0.037124248496994
1	1998878	1998878	1998878	1998878	0	0	9.88679991719234	9.88679991719234	0.0000000000655872122040864	0.908733146623142	0.505381207492916	0.00333896139601158	0.488329420581025	0.58975693704299	0.0204554615074567
1	2000288	2000288	2000288	2000288	0	0	3.95653770716219	3.95653770716219	0.0000488234391507657	0.314883269469974	0.246049238826701	0.976275712777403	0.874655743528529	0.441739337260845	0.013222478212962
1	2008959	2008959	2008959	2008959	0	0	13.3847945635712	13.3847945635712	0.0000000000000199574847736998	0.00252256960229082	0.913744930962653	0.717969644546322	0.0272690745948142	0.484061308204936	0.013
1	2009294	2009294	2009294	2009294	0	2	0.810641290822145	0	0.649131486146594	0.0948533640417234	0.0812332950978975	0.365188441758766	0.525261247594823	0.559202294308986	0.0153
1	2027859	2027859	2027859	2027859	0	0	3.56752933490741	3.56752933490741	0.0000760713042455602	0.0457863091167809	0.424961085894562	0.819490139296206	0.113289221151792	0.281028391217435	0.0135257898455637
1	2028557	2028557	2028557	2028557	0	0	1.888966102977	1.888966102977	0.00480390157852431	0.444898849499045	0.352333982585984	0.213103923642828	0.665322156511133	0.372014788119527	0.0203252032520325
1	2034953	2034953	2034953	2034953	0	0	5.71029759189336	5.71029759189336	0.000000728427675720236	0.250600586643345	0.373838503764992	0.180008958706304	0.765904340606272	0.98643480125773	0.0101824780723863
1	2036597	2036597	2036597	2036597	0	0	13.9447227412172	13.9447227412172	0.00000000000000818402989862522	0.0113014610920262	0.0343236439112833	0.720592849928209	0.828517926646134	0.787480590653258	0.122053956473774
1	2037028	2037028	2037028	2037028	0	3	1.71591067781829	0	0.000722443306252714	0.000077161284938993	0.0000546825626058736	0.00000376998238142791	0.000195997259255296	0.00322371638016368	0.0102901315129003
1	2038732	2038732	2038732	2038732	0	0	229.553862089709	229.553862089709	0.00000000000000000000000000000000000000000000000000000000000000000000000000000000000000000000000000000000000000000000000000000000000000000000000000000000000000000000000000000000000000000000000000000000000000000000000000000000000000753779388687237	0.833795949114405	0.550982875152906	0.218570236872402	0.250413282069852	0.269840012099189	0.2742
1	2045941	2045941	2045941	2045941	0	0	1.39014820424095	1.39014820424095	0.0220705139418657	0.242086501115433	0.967240696335807	0.550145133632777	0.541951784521062	0.348305294917583	0.0109873570138471
1	2055826	2055826	2055826	2055826	0	0	13.2214121989487	13.2214121989487	0.0000000000000191913269710146	0.0651026923077132	0.724477383891469	0.31953409393881	0.743827585601466	0.265484988216961	0.0327069935691318
1	2057925	2057925	2057925	2057925	0	0	4.86051116280512	4.86051116280512	0.0000076877957339914	0.550052123242367	0.949103223760177	0.561900323525865	0.141766960543469	0.557587460404396	0.0135080847644873
1	2060058	2060058	2060058	2060058	0	0	36.8896725747494	36.8896725747494	0.0000000000000000000000000000000000000695161924978684	0.101758949893719	0.543056750563074	0.982571759940047	0.0113476892062021	0.539210762366966	0.2303
1	2065579	2065579	2065579	2065579	0	0	23.9934871388532	23.9934871388532	0.000000000000000000000000740124259281134	0.986841897122079	0.691870854908904	0.729107857004234	0.981629547746553	0.289926821077955	0.0429330925870198
1	2066990	2066990	2066990	2066990	0	0	7.26827375641497	7.26827375641497	0.0000000229365311938801	0.780307314331865	0.990523851533565	0.00254488063440989	0.425403926772471	0.282541389902026	0.0207978350205473
1	2067708	2067708	2067708	2067708	0	0	57.4650183377704	57.4650183377704	0.000000000000000000000000000000000000000000000000000000000186668887199589	0.221453356304621	0.831344626821429	0.54461584971449	0.743957890513309	0.249845947450426	0.042
1	2073742	2073742	2073742	2073742	0	0	4.99837109084391	4.99837109084391	0.00000417238613499635	0.415676606963897	0.507634634268578	0.286110254083322	0.695718506034569	0.144096290911752	0.0157062825130052
1	2076055	2076055	2076055	2076055	0	0	41.1758170700335	41.1758170700335	0.00000000000000000000000000000000000000000441439525102056	0.6977226271708	0.408376919990962	0.661741369593223	0.803671974969312	0.320043535471015	0.07585
1	2082868	2082868	2082868	2082868	0	0	15.2357058399406	15.2357058399406	0.000000000000000285752093379624	0.592134439525289	0.491694398350464	0.743985124479538	0.210107353906175	0.306402974036671	0.0114815187833619
1	2091762	2091762	2091762	2091762	0	0	4.51670670347696	4.51670670347696	0.00000306160903191752	0.294782289952284	0.0114936206205263	0.0218644077531797	0.100613541006688	0.746750650429427	0.0208
1	2104908	2104908	2104908	2104908	0	0	0.736992493797513	0.736992493797513	0.0848906196739562	0.437521235459917	0.463289222792492	0.444110583348096	0.905936609599924	0.478490231841664	0.0103
1	2114271	2114271	2114271	2114271	0	0	29.0856598575687	29.0856598575687	0.00000000000000000000000000000413063729493416	0.98738646436576	0.956486041975761	0.503126183698746	0.217602870917788	0.304990599655238	0.0493
1	2122961	2122961	2122961	2122961	0	1	1.42826716996949	0	0.00000000000310843548328492	0.00000000000000000000000000000000000000751393276911868	0.000000000000000000000000000000000000201434787562609	0.0000000000000000000000000000000000000155985272454311	0.000000000000000000000000000000000000274438720804534	0.0000000000000000000000000000000000000917361764527495	0.0221194450030163
1	2128225	2128225	2128225	2128225	0	0	2.58532539830797	2.58532539830797	0.0000197023624529504	0.00510284843797893	0.00677301793537836	0.422341237102851	0.189356644332278	0.00758304621098361	0.0202879581151832
1	2149682	2149682	2149682	2149682	0	0	7.11896680481556	7.11896680481556	0.000000030856382709367	0.18372222143091	0.936521222559153	0.121439855020238	0.619184393724118	0.405799789324325	0.0469490670700959
1	2155210	2155210	2155210	2155210	0	0	10.4350194797628	10.4350194797628	0.000000000023213892871455	0.62339792998013	0.632073315128363	0.939619384923295	0.873264998928605	0.324681500771611	0.0204554615074567
1	2160390	2160390	2160390	2160390	0	0	3.24246077686898	3.24246077686898	0.00000279373451072532	0.0000587267902871889	0.28502050672556	0.0353977583469494	0.00488254111956549	0.000376315401447955	0.0718159903575733
1	2160661	2160661	2160661	2160661	0	0	1.63545074365623	1.63545074365623	0.0138179630299222	0.596890641908541	0.86876300196705	0.403358138460875	0.92847398744877	0.574213048645245	0.0131008767509826
1	2161490	2161490	2161490	2161490	0	0	7.32417667199724	7.32417667199724	0.0000000323794569877026	0.809899588039799	0.683040150637567	0.9870024021927	0.648917379770719	0.524481309339561	0.160597195601735
1	2164935	2164935	2164935	2164935	0	0	173.247920267473	173.247920267473	0.00000000000000000000000000000000000000000000000000000000000000000000000000000000000000000000000000000000000000000000000000000000000000000000000000000000000000000000000000000453210911569571	0.528514300299373	0.958995751324224	0.886849508152618	0.13688871987298	0.80208542545104	0.49369896158887
1	2168359	2168359	2168359	2168359	0	0	21.4811322614245	21.4811322614245	0.00000000000000000000020307163439599	0.459743690232587	0.614867482210174	0.973075389026577	0.637037902442769	0.234029969841492	0.0563
1	2169829	2169829	2169829	2169829	0	0	0.482560667826771	0.482560667826771	0.107727036593016	0.122969078393669	0.327254314563802	0.28887898451256	0.971257112562909	0.987719262760785	0.0173663545756569
1	2180528	2180528	2180528	2180528	0	0	3.43283392234422	3.43283392234422	0.00000103617027679314	0.000287670819351233	0.00000637240502537517	0.0028071463330689	0.00326772372253606	0.0773454436614377	0.0170311397762773
1	2188566	2188566	2188566	2188566	0	0	2.84127835005072	2.84127835005072	0.00000375369423873326	0.00957965645161444	0.000604161478744095	0.00260457725602537	0.0133838977882092	0.000621376925095928	0.0112929130696647
1	2188679	2188679	2188679	2188679	0	0	5.51992956796014	5.51992956796014	0.00000124242198125375	0.411337869563902	0.768994432468439	0.907296034434939	0.328117005673978	0.272220624693648	0.0105
1	2218034	2218034	2218034	2218034	0	0	3.96740217501188	3.96740217501188	0.0000394866610822685	0.366313215640344	0.463919458086614	0.0108597863724892	0.408555080132746	0.24911080842799	0.02245
1	2219880	2219880	2219880	2219880	0	0	2.49033783680463	2.49033783680463	0.00160538087218924	0.80284280032833	0.489614901651973	0.172187643906074	0.819094008010945	0.496496190883891	0.0799
1	2221838	2221838	2221838	2221838	0	0	7.7510697909778	7.7510697909778	0.0000000117967429063462	0.0907769007606838	0.956712571770132	0.665015711027147	0.536864784823474	0.826081879761447	0.18635
1	2221975	2221975	2221975	2221975	0	2	0.460670424079814	0	0.769574002855224	0.726488211836702	0.3049664073094	0.979384711354033	0.978094658574735	0.880891516732531	0.436513521664824
1	2222560	2222560	2222560	2222560	0	0	3.247024785694	3.247024785694	0.000474485852464603	0.771522831789651	0.93711075026449	0.838007785552668	0.262489778345852	0.96454153557773	0.140504555010512
1	2224367	2224367	2224367	2224367	0	0	3.15812363616718	3.15812363616718	0.00032822112860149	0.985259690944118	0.354286446074698	0.472378552092116	0.13566217131797	0.473538050302394	0.1059
1	2227675	2227675	2227675	2227675	0	0	0.440904272804561	0.440904272804561	0.0922687754735115	0.252223394765302	0.823583610343271	0.254659000265784	0.147415096312649	0.944347386774452	0.0777967634938184
1	2229156	2229156	2229156	2229156	0	4	0.434502515451417	0	0.454513602415194	0.511830775508726	0.978609086243141	0.510055572952372	0.188201846575556	0.821083782983851	0.203703703703704
1	2235019	2235019	2235019	2235019	0	0	0.709091854743271	0.709091854743271	0.0191264101063776	0.167785455511	0.0635554778910797	0.097887067559952	0.143574769755212	0.0698845525369099	0.29035
1	2236359	2236359	2236359	2236359	0	0	8.35716096358335	8.35716096358335	0.00000000237021076646217	0.644655778981482	0.942903327925114	0.319163482779525	0.000156254789534702	0.539445941585519	0.1742
1	2237020	2237020	2237020	2237020	0	0	4.34727383349488	4.34727383349488	0.00000364569000245202	0.0252563425030357	0.147053230104655	0.00483991026861089	0.128492621166902	0.0811061097116556	0.018
1	2238727	2238727	2238727	2238727	0	0	6.79081169626167	6.79081169626167	0.000000119839970988589	0.58794016782485	0.660948886708472	0.92732748913772	0.869343644732264	0.740309617605329	0.0314
1	2240074	2240074	2240074	2240074	0	0	8.57129564717551	8.57129564717551	0.00000000074019160342286	0.975012822097183	0.251397187102851	0.275828921560438	0.115696731647725	0.448415163864242	0.01295
1	2246193	2246193	2246193	2246193	0	0	1.7475175269293	1.7475175269293	0.00892553899480702	0.165369983772667	0.145314124445291	0.933925168860506	0.499059099530029	0.514590428356948	0.0201247735962971
1	2253327	2253327	2253327	2253327	0	5	0.70002129588042	0	0.291963652611075	0.142218327714238	0.210471343419913	0.033252562505097	0.107455192025252	0.0283748955651266	0.024
1	2253369	2253369	2253369	2253369	0	0	5.97574039302024	5.97574039302024	0.000000388164145137653	0.367075847355788	0.0632473798562408	0.0287532121943143	0.591805262074641	0.556084817745129	0.01675
1	2254500	2254500	2254500	2254500	0	0	3.21968813397925	3.21968813397925	0.000151262279523821	0.0236689961283437	0.910935661104279	0.199197723111271	0.250852697160691	0.589901114164334	0.0222949169602416
1	2254516	2254516	2254516	2254516	0	0	11.382227974091	11.382227974091	0.00000000000143203841756814	0.12842339554559	0.527467592130724	0.995253324941699	0.345288920518941	0.224835865410559	0.4266
1	2256011	2256011	2256011	2256011	0	0	1.38546403855168	1.38546403855168	0.0260273824804114	0.832651131407936	0.423847784745004	0.59449521391207	0.791700625696366	0.632258290525081	0.30245
1	2256290	2256290	2256290	2256290	0	0	2.63577036869067	2.63577036869067	0.00118952609917781	0.514214529693541	0.563362177978606	0.689670199114637	0.421303097070236	0.0502678537889851	0.0259602782538562
1	2256460	2256460	2256460	2256460	0	5	1.43583485346389	0	0.472829944119122	0.328318974530558	0.222440160534076	0.561517336706655	0.945984998721063	0.0173328556015497	0.0562720403022669
1	2256738	2256738	2256738	2256738	0	0	3.1258237602692	3.1258237602692	0.000121781975900891	0.0520245672674655	0.686666545393688	0.136227527938277	0.162707201868516	0.640724561189421	0.0341970473034046
1	2261983	2261983	2261983	2261983	0	0	10.3155862419706	10.3155862419706	0.0000000000242627780194076	0.477193500876895	0.809747205964174	0.0339032333435911	0.883969998438717	0.50179550520581	0.2445
1	2266231	2266231	2266231	2266231	0	4	0.654570977862364	0	0.833261102306087	0.142444482401165	0.180687616924606	0.059663192702622	0.0400274028557536	0.22083661241667	0.0217609810031159
1	2267297	2267297	2267297	2267297	0	0	15.0989958487094	15.0989958487094	0.000000000000000476325138183576	0.598272927281018	0.760931731534379	0.336774855156432	0.686052017859138	0.268187687207037	0.22505
1	2267392	2267392	2267392	2267392	0	4	0.527495065219897	0	0.230715296147696	0.0106177274087693	0.0343415646176679	0.0261886731298814	0.00777353270155485	0.0255745508028137	0.0109956622616766
1	2269050	2269050	2269050	2269050	0	0	2.35735348189154	2.35735348189154	0.0018369062057039	0.418254346884496	0.887642688092542	0.291116949879076	0.736897257848454	0.314869630024226	0.0112
1	2269881	2269881	2269881	2269881	0	3	0.665089216683137	0	0.866346715592713	0.887624362514093	0.819161913996369	0.177125274126708	0.548000530755743	0.634084342967282	0.1881
1	2271674	2271674	2271674	2271674	0	5	0.532349355306598	0	0.852634370755628	0.619216267355917	0.568406746570382	0.904809615370068	0.614015724647837	0.181757776756778	0.28735
1	2273591	2273591	2273591	2273591	0	0	3.8882794623478	3.8882794623478	0.000113367186826778	0.929937048591066	0.944495240342473	0.876530095745959	0.733333600985973	0.559037025104625	0.0262946607788037
1	2273620	2273620	2273620	2273620	0	3	0.664723507394547	0	0.032289178712416	0.0471136838226637	0.944279796412552	0.00698768777161079	0.024074949476959	0.0122105113462631	0.0133098945253641
1	2277001	2277001	2277001	2277001	0	0	5.44876984345381	5.44876984345381	0.00000184736737010449	0.924208092810373	0.43389233754025	0.785021192675446	0.519186165963312	0.368689176657009	0.0153210361858683
1	2277827	2277827	2277827	2277827	0	0	6.95030828004314	6.95030828004314	0.0000000422152609278838	0.376511077232232	0.274174419384364	0.86995779328947	0.272913830791328	0.549421570757416	0.207014714775247
1	2278115	2278115	2278115	2278115	0	0	0.920771944193961	0.920771944193961	0.0621106386082439	0.517532870583151	0.567058834446171	0.51305400175488	0.296480446990893	0.582456172612125	0.166783990345937
1	2279434	2279434	2279434	2279434	0	0	5.14017218958431	5.14017218958431	0.00000252446525848961	0.208010859957303	0.240625069579712	0.348611402395503	0.569430647645129	0.857784143355149	0.156910078455039
1	2279832	2279832	2279832	2279832	0	5	1.30207672668686	0	0.610207329162871	0.11479155429878	0.447540976205327	0.403024033837645	0.865229970448371	0.0223231808745214	0.197984886649874
1	2279986	2279986	2279986	2279986	0	0	1.02121751556539	1.02121751556539	0.0529663652706108	0.43394421248599	0.988887449575591	0.379183041683193	0.90107836301179	0.556182969865556	0.0140590480016068
1	2281978	2281978	2281978	2281978	0	0	1.83849750170287	1.83849750170287	0.00847011950748359	0.799514261430929	0.00998909165978677	0.583965297512154	0.476468311382357	0.915058474793769	0.474022711285298
1	2282680	2282680	2282680	2282680	0	3	0.917122101792279	0	0.4730322697188	0.0604420353933149	0.0434139180434457	0.00731504461129118	0.0462747038385873	0.701498073759057	0.366746939594622
1	2284864	2284864	2284864	2284864	0	0	0.508174322687032	0.508174322687032	0.123519555454075	0.2307702963599	0.446699820457025	0.398024717390455	0.659275034500596	0.369327717826077	0.0119083661317994
1	2292653	2292653	2292653	2292653	0	0	0.906260982536999	0.906260982536999	0.062647377703982	0.50485176570908	0.105787255806565	0.745368965937483	0.264181571156037	0.954999767856665	0.0778
1	2301212	2301212	2301212	2301212	0	4	1.27254429043129	0	0.230973239699272	0.93607762223634	0.303867442576049	0.863880868883566	0.0180654197441047	0.338370386264294	0.0304
1	2304000	2304000	2304000	2304000	0	0	1.75578595611544	1.75578595611544	0.015631837136913	0.900080937328653	0.890832345831524	0.35879949767722	0.737931820255824	0.908780114360195	0.01405
1	2306152	2306152	2306152	2306152	0	0	16.0694615477021	16.0694615477021	0.0000000000000000290329143684132	0.340684347650683	0.0836250755721303	0.810524279215565	0.688175227761297	0.122304113907045	0.36495
1	2306831	2306831	2306831	2306831	0	4	0.521565212068967	0	0.385756568988961	0.621176301577402	0.804933530450061	0.712718135210736	0.186917372101905	0.602128967236007	0.0163553760726906
1	2307083	2307083	2307083	2307083	0	3	0.422581713058131	0	0.0344383316913619	0.0728009591971489	0.0260457786068997	0.0175947097292619	0.13228783073611	0.0465547307738742	0.0171826470293558
1	2308517	2308517	2308517	2308517	0	0	12.6736030321853	12.6736030321853	0.0000000000000452596119007689	0.346606161275906	0.414220306113346	0.0809037179455621	0.213458698816842	0.00411221509775365	0.10767921505807
1	2311393	2311393	2311393	2311393	0	0	1.46189730262508	1.46189730262508	0.011936899967724	0.294639164683928	0.59051419722826	0.271550456484194	0.828684738053993	0.345771231785895	0.250425553219185
1	2312395	2312395	2312395	2312395	0	0	18.4136692214877	18.4136692214877	0.000000000000000000017583356093279	0.210334091532369	0.0455796507264549	0.0247336261705759	0.0187098897170404	0.0491831966445295	0.20435
1	2315438	2315438	2315438	2315438	0	0	2.32624383971975	2.32624383971975	0.00427903728865557	0.906963711318799	0.0545526466953758	0.860265669089698	0.933126426334753	0.92766602317749	0.138369521511862
1	2315717	2315717	2315717	2315717	0	0	20.971216593685	20.971216593685	0.000000000000000000000650344266043974	0.117854849359829	0.783048582001855	0.592739514375079	0.60863918474193	0.937357742311085	0.455396475770925
1	2318709	2318709	2318709	2318709	0	1	0.486961041576137	0	0.534008178649957	0.0197720924864918	0.0421135571945317	0.0606755434485662	0.041905357778113	0.0709579091350638	0.0113247433058184
1	2325371	2325371	2325371	2325371	0	0	2.66729777095303	2.66729777095303	0.00162872006108887	0.757084259013637	0.772493739032909	0.932904890185156	0.4435636416938	0.623740069417239	0.0662
1	2325760	2325760	2325760	2325760	0	0	0.9842315892452	0.9842315892452	0.060744409442537	0.260369663960298	0.585784537078729	0.622112992538107	0.834914391838101	0.319350702861359	0.0214557850411069
1	2326812	2326812	2326812	2326812	0	0	20.785082389921	20.785082389921	0.00000000000000000000105139199348313	0.850263501334566	0.474312159926196	0.923041644075491	0.254189941215937	0.640983802868681	0.470286059629331
1	2329212	2329212	2329212	2329212	0	4	0.69667682250498	0	0.548487046451068	0.0451711274683096	0.0335652306726053	0.0516253076515883	0.00908205459298072	0.028910163509048	0.04755
1	2329413	2329413	2329413	2329413	0	0	8.37926962001467	8.37926962001467	0.00000000226083173484999	0.828669025832076	0.673493652597136	0.231869838963151	0.127048225261387	0.541424445806233	0.121834807073955
1	2329808	2329808	2329808	2329808	0	1	0.961712034698148	0	0.772423631414486	0.0427959725155201	0.253048895875962	0.131309102597728	0.437681764619138	0.391845564050132	0.0632835222144218
1	2344042	2344042	2344042	2344042	0	1	5.08340542378901	0	0.00306515993932534	0.0000000252957591212543	0.000142421780950101	0.0239003738295987	0.00458439269727565	0.0000000532276194210911	0.010690872415532
1	2350912	2350912	2350912	2350912	0	2	0.714707312517541	0	0.575778775146207	0.497280721385073	0.0959167180597237	0.996441893351759	0.286234945894285	0.351130762199266	0.306631219903692
1	2352280	2352280	2352280	2352280	0	5	0.831096831006994	0	0.749849434023716	0.617583160290934	0.586469211909513	0.902017172570613	0.888821923386123	0.11063110163505	0.3135
1	2353972	2353972	2353972	2353972	0	0	2.79652123197529	2.79652123197529	0.000260674113794242	0.180260852430127	0.0232629590278415	0.12524054913943	0.163162044174021	0.316497823503212	0.03495
1	2354016	2354016	2354016	2354016	0	3	0.762338062805252	0	0.117066980879983	0.315471806376185	0.215041862683514	0.0371693486305796	0.109949531565041	0.361812840791083	0.1156
1	2355563	2355563	2355563	2355563	0	0	2.59967265673933	2.59967265673933	0.00156129768394419	0.621095485026982	0.528254119038118	0.481020392336396	0.890340687390227	0.748044699203387	0.1825
1	2357367	2357367	2357367	2357367	0	4	0.785753365675833	0	0.0269410343322342	0.00657156994010582	0.0206426761314987	0.0457096788726945	0.003644532828661	0.0222533414775229	0.0284
1	2357810	2357810	2357810	2357810	0	5	2.43440764508948	0	0.0104555363587033	0.000230873392494832	0.00496464500287503	0.00512041475230143	0.000349668600529076	0.0000182591499250856	0.1
1	2360656	2360656	2360656	2360656	0	4	0.824051473892705	0	0.791356993452703	0.0157367084473642	0.0141564577440968	0.0936755671272665	0.0140467177897329	0.857688974147081	0.0111456973591726
1	2362764	2362764	2362764	2362764	0	1	1.64186750485847	0	0.543417848343141	0.0123955669018634	0.440164068820421	0.452628234054803	0.801619266676038	0.807543039428808	0.319306682697125
1	2363327	2363327	2363327	2363327	0	0	2.03644962857996	2.03644962857996	0.000396721162505298	0.292086244282638	0.0088204200153957	0.0318819625883125	0.365492274227293	0.0431454493543783	0.3918
1	2366316	2366316	2366316	2366316	0	0	2.35771890261509	2.35771890261509	0.000569572170122214	0.012512377332413	0.570991900500733	0.0236931473122446	0.129797899288375	0.546286645486899	0.15385
1	2372940	2372940	2372940	2372940	0	4	0.438131005012164	0	0.395890916993727	0.932853026181915	0.92559192220357	0.660875931253349	0.337511481107337	0.957906303199671	0.0601161277405146
1	2373987	2373987	2373987	2373987	0	0	2.72041275647688	2.72041275647688	0.000265039866447653	0.0929198048452774	0.842897443271754	0.19271044221393	0.0522703461214164	0.139227158769011	0.1138
1	2379065	2379065	2379065	2379065	0	0	2.55393521338098	2.55393521338098	0.00180357847773796	0.645758687575285	0.898833517070304	0.315399083124019	0.90224878885687	0.317981865918576	0.019844475863462
1	2393562	2393562	2393562	2393562	0	0	1.20161056304141	1.20161056304141	0.0418987824757638	0.730448257816189	0.312995136067848	0.156340240567899	0.730385603006361	0.666518128428557	0.0215270093551957
1	2394074	2394074	2394074	2394074	0	0	10.4322493152065	10.4322493152065	0.00000000000666842225050253	0.18041490216257	0.192950508875986	0.149065849090222	0.0989479239525085	0.18852216527827	0.49944823434992
1	2408834	2408834	2408834	2408834	0	0	8.60693851937673	8.60693851937673	0.00000000141468554401632	0.589196314287871	0.572266647141907	0.435454270652563	0.547668775499757	0.712141624411433	0.0986
1	2409276	2409276	2409276	2409276	0	0	13.3658087230654	13.3658087230654	0.0000000000000191036201510065	0.527991344920613	0.729118711440091	0.0736106191860855	0.178296419458154	0.443531426484098	0.3791
1	2410711	2410711	2410711	2410711	0	3	1.06828350831131	0	0.141918329074206	0.311265762964612	0.457818202060997	0.0265979304260954	0.193550021939004	0.938387574353341	0.0223536487570168
1	2424319	2424319	2424319	2424319	0	3	0.600942899026043	0	0.515879988769467	0.276250867331477	0.140774057442098	0.0352841556448293	0.0385343480853781	0.0509580874671241	0.0146
1	2425048	2425048	2425048	2425048	0	0	1.46130653381512	1.46130653381512	0.00234919865934269	0.066068946520818	0.00859253137573959	0.154800877443036	0.669497139307301	0.0679557606673501	0.0116490166414524
1	2426047	2426047	2426047	2426047	0	3	0.800872639448376	0	0.444539503046246	0.0937260627650887	0.568272605591072	0.083461010378993	0.52766255668934	0.752130535706506	0.0182828282828283
1	2433894	2433894	2433894	2433894	0	5	0.797554232517954	0	0.801214131648548	0.158973588939192	0.379114701668537	0.681063256008624	0.0843142064845102	0.060424963079158	0.0197984886649874
1	2438167	2438167	2438167	2438167	0	3	0.398123707800542	0	0.443540369733012	0.20546589741992	0.988681841125029	0.177341119769842	0.619193220708194	0.301851750867405	0.0432005632669483
1	2438353	2438353	2438353	2438353	0	0	5.06201973298801	5.06201973298801	0.00000405202847154771	0.629480839330675	0.467403781017977	0.464356677752434	0.828818159269826	0.0395994810868106	0.021415644480193
1	2438653	2438653	2438653	2438653	0	0	5.51955258693984	5.51955258693984	0.0000019263907464503	0.637231110291956	0.92202228309797	0.569179633005142	0.203944435792469	0.697229946407477	0.0247449752550248
1	2438768	2438768	2438768	2438768	0	0	3.10667036631541	3.10667036631541	0.000320918753442644	0.487606584241248	0.410265939312063	0.192679098164613	0.743649377571086	0.304424190275754	0.262967066169806
1	2443655	2443655	2443655	2443655	0	0	14.6022657834993	14.6022657834993	0.00000000000000153399178138335	0.792284799200426	0.703203551152641	0.381205639806719	0.540248872721059	0.613887536700051	0.2054
1	2444935	2444935	2444935	2444935	0	0	2.10806985497509	2.10806985497509	0.00218845229940068	0.849933975073193	0.534257663025042	0.28067707366202	0.236608046566136	0.237564359890812	0.0303530353035304
1	2456954	2456954	2456954	2456954	0	3	0.679217244828727	0	0.52346993076323	0.0506066055443318	0.0613446706468763	0.0128398394785741	0.114362977272491	0.0251509133618671	0.0167217382597377
1	2458010	2458010	2458010	2458010	0	2	0.351205463413725	0	0.603457899234162	0.324174684972861	0.257569111148363	0.578228165937995	0.9141255023334	0.312390579549215	0.02785
1	2467764	2467764	2467764	2467764	0	0	2.74930924339451	2.74930924339451	0.00128448784445924	0.845006565413373	0.1926990307674	0.79547863682848	0.130235980536684	0.721172640223183	0.0123049219687875
1	2474225	2474225	2474225	2474225	0	0	3.36019071957424	3.36019071957424	0.00030415398862349	0.354462742484485	0.697082589249921	0.907659739213774	0.967674180057171	0.365589628661214	0.0110172049501962
1	2482834	2482834	2482834	2482834	0	3	0.269761811345448	0	0.149420363536868	0.143680839550681	0.27672899108118	0.0971302189857442	0.443622728503258	0.180765763243998	0.014453477868112
1	2483298	2483298	2483298	2483298	0	0	28.5797602955074	28.5797602955074	0.0000000000000000000000000000219851351771481	0.108357336343779	0.83539031451048	0.945563092304203	0.835024883382057	0.908121372540866	0.494116463843911
1	2488901	2488901	2488901	2488901	0	1	0.295108012217713	0	0.0174167628462569	0.00107107070731617	0.00568748157856729	0.00211312970057792	0.00181124430680134	0.00197817707857238	0.0199075005027146
1	2492665	2492665	2492665	2492665	0	0	7.22298702259147	7.22298702259147	0.000000000787435300452973	0.026835561855694	0.017973707412353	0.0100683460552532	0.0131583642009541	0.00640911004159076	0.134291725105189
1	2504281	2504281	2504281	2504281	0	3	2.03256759548782	0	0.447590499316581	0.901197481020272	0.577441980733533	0.00535723575772985	0.785229487258778	0.0117276029976962	0.0187267797971684
1	2506861	2506861	2506861	2506861	0	0	3.76508993659878	3.76508993659878	0.0000527228628909552	0.636153650355955	0.306965043176655	0.92088456036625	0.188461632666949	0.270624426362549	0.0227638190954774
1	2510605	2510605	2510605	2510605	0	0	14.8980648500815	14.8980648500815	0.000000000000000697167119266296	0.479211422918011	0.176485435390366	0.551317459485666	0.688045035365643	0.630145138493676	0.0488390712570056
1	2512456	2512456	2512456	2512456	0	0	7.36756803196466	7.36756803196466	0.0000000142678479739137	0.164027148157064	0.332603262722154	0.342241896232205	0.21934784846503	0.70928500776579	0.03855
1	2529283	2529283	2529283	2529283	0	3	0.469049048795805	0	0.0659033583578268	0.453535281297599	0.111018758881944	0.0616200379715548	0.981457368694488	0.181455865170419	0.0373
1	2535496	2535496	2535496	2535496	0	0	1.88432734286272	1.88432734286272	0.0051125799410044	0.418573462821713	0.391712521656003	0.38518854518367	0.374518069037433	0.480626684931489	0.0853144748721036
1	2537072	2537072	2537072	2537072	0	0	27.8945208472557	27.8945208472557	0.0000000000000000000000000000787082709969089	0.994413623917005	0.585944144234996	0.617363883993471	0.047937618265879	0.76870682042878	0.0494
1	2546089	2546089	2546089	2546089	0	0	0.816440501392447	0.816440501392447	0.0494258544535428	0.244868637363753	0.463141208570706	0.121853751706321	0.323887872903896	0.624420314178013	0.01
1	2546593	2546593	2546593	2546593	0	0	7.99142910333745	7.99142910333745	0.000000007918494748196	0.910900145705252	0.910816212230018	0.776375346990859	0.746506872968553	0.72034158360385	0.0932
1	2546808	2546808	2546808	2546808	0	5	1.02145209615934	0	0.0678490394885666	0.126312925450193	0.14277690984865	0.0960108036746605	0.568565561439055	0.0120225252400575	0.01505
1	2553383	2553383	2553383	2553383	0	0	4.99631975611051	4.99631975611051	0.00000042845636849847	0.0424840937569397	0.0123763266967259	0.0545201624891258	0.0817108390810948	0.0032597783614783	0.0115799013191018
1	2554010	2554010	2554010	2554010	0	0	6.16522241390578	6.16522241390578	0.000000429959040160623	0.290117653013157	0.628998339000393	0.835785502699738	0.0781722845722809	0.888971283893538	0.0116197183098592
1	2556987	2556987	2556987	2556987	0	4	0.67607442567908	0	0.276590411335979	0.417953146380646	0.460848950133196	0.775987834576789	0.0881156751753377	0.143782737005072	0.0282084625387616
1	2567222	2567222	2567222	2567222	0	2	0.350786829384976	0	0.952347252914555	0.99347971112803	0.394182327180009	0.563551047082299	0.884064554795777	0.789839173512725	0.0195446302639533
1	2568360	2568360	2568360	2568360	0	0	4.92103296173072	4.92103296173072	0.00000284427246598255	0.0572539273715518	0.363534433213181	0.769911721544381	0.170452107195598	0.237139641431519	0.0160298417179151
1	2584510	2584510	2584510	2584510	0	0	7.83086368724087	7.83086368724087	0.00000000844216788470997	0.0369628028553824	0.910917374423503	0.60944677431652	0.571896806877909	0.330691221237545	0.0297523157470802
1	2625027	2625027	2625027	2625027	0	0	13.2609687905765	13.2609687905765	0.0000000000000199882708911917	0.151584317055749	0.475977014299832	0.531149491429591	0.364539016179582	0.155752282550357	0.0193483709273183
1	2625071	2625071	2625071	2625071	0	0	2.91815993201629	2.91815993201629	0.000885896297501014	0.733741052966479	0.974558413230353	0.734596550597665	0.281440876830667	0.310048384941437	0.0108124494745351
1	2707957	2707957	2707957	2707957	0	0	1.67510157630009	1.67510157630009	0.00667586592368426	0.315943323379496	0.274976114081736	0.161119542032092	0.921908188392479	0.83306018714048	0.0790980313378868
1	2737637	2737637	2737637	2737637	0	0	8.76275911076575	8.76275911076575	0.000000000345459680777708	0.0807502457036301	0.394804412383479	0.200058255816164	0.167559288618925	0.890559822045254	0.0306766917293233
1	2753227	2753227	2753227	2753227	0	0	0.978463412646223	0.978463412646223	0.000566718916232096	0.00281917993006035	0.00958258480572499	0.0045350824824587	0.291639344402108	0.00539300870917933	0.02375
1	2753870	2753870	2753870	2753870	0	0	1.63421721668687	1.63421721668687	0.00017576643345254	0.024120821231211	0.000482529029997074	0.00298633531298705	0.0075709984462963	0.00776640939529271	0.0180559735179055
1	2756288	2756288	2756288	2756288	0	0	6.22608936664791	6.22608936664791	0.000000312516710796734	0.942886744438795	0.169536582112897	0.525971983296478	0.266305794235894	0.774878770896217	0.492641169403284
1	2761931	2761931	2761931	2761931	0	0	2.23671735665414	2.23671735665414	0.00472388246051656	0.814735124131886	0.614502888178136	0.956982323968201	0.645562906167628	0.890465371090356	0.016542638777152
1	2762910	2762910	2762910	2762910	0	0	8.43926208266865	8.43926208266865	0.0000000000495329291436532	0.787325339033056	0.0136193409902343	0.0114779637110584	0.00495874404371346	0.365824230332463	0.05975
1	2771544	2771544	2771544	2771544	0	0	9.46674424254895	9.46674424254895	0.000000000000427464777868751	0.00190408141653108	0.00107901010876354	0.00125211603761467	0.00763530597853133	0.00112556220131683	0.0273011707710941
1	2776761	2776761	2776761	2776761	0	3	0.722014524210179	0	0.192981617280908	0.778140869233806	0.152712839739098	0.0759559730695663	0.400475964542807	0.945857535131684	0.463311524911928
1	2783309	2783309	2783309	2783309	0	0	70.2460780245346	70.2460780245346	0.000000000000000000000000000000000000000000000000000000000000000000000000491533638821765	0.0038249397464949	0.00101275889495011	0.0102102249993806	0.00866226108193671	0.0991463280262236	0.4222
1	2786626	2786626	2786626	2786626	0	0	15.3784535736692	15.3784535736692	0.000000000000000196398326670361	0.476764492961586	0.205395004071772	0.347692856941507	0.54533472007511	0.469452176512441	0.036
1	2797856	2797856	2797856	2797856	0	0	36.7445296169768	36.7445296169768	0.000000000000000000000000000000000000061908962687747	0.80659632064099	0.268901995467341	0.343782008254944	0.14877249459092	0.471907335175427	0.4754
1	2798727	2798727	2798727	2798727	0	0	4.20514301090132	4.20514301090132	0.0000358111350690219	0.847884249439523	0.152454069644181	0.611984520081306	0.574329464901348	0.466150969003357	0.0104104104104104
1	2800573	2800573	2800573	2800573	0	1	0.235202905407336	0	0.499434799656787	0.29058680804603	0.663645939068312	0.576052827322688	0.372421456889154	0.394378343382106	0.0343
1	2801459	2801459	2801459	2801459	0	0	8.9794057540335	8.9794057540335	0.000000000837414875761534	0.330783645934259	0.274270951905671	0.798631480840425	0.827875147749853	0.855382791442063	0.106734816596512
1	2802562	2802562	2802562	2802562	0	0	0.86531518314114	0.86531518314114	0.0802585188872554	0.356825390535161	0.588581115882616	0.925462214575027	0.877651121726747	0.206946035919611	0.0603
1	2805896	2805896	2805896	2805896	0	0	29.7844696465237	29.7844696465237	0.000000000000000000000000000000427163008652117	0.260053847323019	0.154544999970292	0.133092602809452	0.349816837792083	0.298894443462547	0.1557
1	2811427	2811427	2811427	2811427	0	2	0.487895492391688	0	0.453073880616326	0.483274700273945	0.0369277607654575	0.0371332097748985	0.113566035712559	0.111456034119531	0.0117829923786602
1	2811660	2811660	2811660	2811660	0	0	7.38420014801396	7.38420014801396	0.0000000189311799744799	0.150127947156285	0.6581014310038	0.458540639430409	0.0652215109588481	0.792291257386628	0.0486
1	2821127	2821127	2821127	2821127	0	0	2.14378381948149	2.14378381948149	0.00585489024701355	0.311009309827514	0.866356852652752	0.89144328003297	0.815272095507966	0.81124285484785	0.01125
1	2822748	2822748	2822748	2822748	0	0	20.5600461961185	20.5600461961185	0.00000000000000000000161301777529449	0.585713655500813	0.156510618396632	0.779322704757353	0.196406958574163	0.936964640061212	0.193718064322212
1	2824878	2824878	2824878	2824878	0	4	0.234716981536325	0	0.968944017946745	0.373337491962939	0.308764317748195	0.474046331130855	0.276123778818286	0.610102715418938	0.01245
1	2832957	2832957	2832957	2832957	0	1	0.8743670106508	0	0.0309577633834019	0.0294613718204261	0.231751157682727	0.343784038764272	0.22060734901174	0.112390431945629	0.0229
1	2836454	2836454	2836454	2836454	0	0	1.11277024550189	1.11277024550189	0.00168815238240897	0.00348332639989011	0.0218867809559192	0.0561368342042147	0.0121033506253073	0.116165308538554	0.0113017154389505
1	2837711	2837711	2837711	2837711	0	0	10.8687838230272	10.8687838230272	0.0000000000048306405249636	0.357098925511468	0.560349660441318	0.170226055183782	0.316713431378215	0.80785152532747	0.216417160655079
1	2846518	2846518	2846518	2846518	0	2	0.26000617316545	0	0.7695593729432	0.645487885256638	0.469100935248941	0.853635508339922	0.960539974341864	0.922094760057227	0.0168329805463159
1	2853759	2853759	2853759	2853759	0	0	6.69075304678677	6.69075304678677	0.0000000784707520677068	0.138467876868353	0.949201855390561	0.836822804588851	0.385000117201789	0.195068875209913	0.328804347826087
1	2855237	2855237	2855237	2855237	0	0	5.40439718991267	5.40439718991267	0.00000250955839786987	0.938257009708248	0.0813364793894026	0.443044175072119	0.656470633289177	0.636787450808462	0.0698385641231325
1	2859668	2859668	2859668	2859668	0	0	0.405610069322103	0.405610069322103	0.110822084144918	0.642235236849107	0.256399350765352	0.12481501172855	0.281991736982751	0.830031013967241	0.06955
1	2859724	2859724	2859724	2859724	0	0	20.6999223395379	20.6999223395379	0.000000000000000000000883567330276465	0.452995392141917	0.347772498413444	0.630654953527874	0.442753485805757	0.203277517301624	0.16795
1	2872305	2872305	2872305	2872305	0	2	1.59363016633324	0	0.290127124934505	0.684315209914428	0.0174431946283221	0.718405091500549	0.41762116924469	0.72092786166683	0.0124773596297042
1	2879739	2879739	2879739	2879739	0	4	0.807341925950298	0	0.119817720291781	0.0372722731151848	0.218231189235504	0.100225521154205	0.0175023261836362	0.112314983927735	0.03125
1	2882035	2882035	2882035	2882035	0	1	0.550962360737024	0	0.663653421272723	0.0342122504835886	0.041700486765755	0.0998395559462641	0.238968934615014	0.121658933161524	0.179297226949645
